475
190
588
930
182
951
932
35
21
364
841
698
832
147
503
256
267
730
291
907
230
95
374
65
606
413
755
548
187
612
460
15
56
391
290
680
495
85
777
241
694
179
595
32
430
499
664
979
903
722
8
762
530
788
259
380
52
126
763
146
406
719
142
455
4
27
451
718
654
212
210
354
799
388
946
403
155
412
925
2
966
152
115
801
706
870
366
213
975
305
433
529
194
469
67
559
68
757
465
415
662
650
215
974
561
331
329
283
128
564
477
232
676
920
738
13
851
34
585
308
673
892
456
922
448
66
954
235
985
702
168
629
224
562
613
102
840
693
713
270
132
225
709
193
879
78
171
571
940
336
714
855
671
444
42
889
888
463
931
681
957
973
198
575
773
524
496
345
732
273
743
233
310
53
330
148
618
856
708
201
414
576
482
545
360
373
915
417
162
649
470
911
358
207
541
550
746
71
217
368
919
796
742
440
251
474
249
282
338
687
351
586
589
426
984
697
98
945
314
775
672
936
682
186
442
830
705
560
439
850
286
109
288
461
593
44
408
113
96
573
307
976
133
16
453
603
820
666
411
258
887
101
111
51
61
513
860
657
875
166
776
228
700
437
963
790
332
423
938
656
130
389
816
877
838
890
69
621
443
350
538
23
127
750
729
361
570
339
401
581
464
158
450
547
511
486
793
886
271
255
949
466
727
200
765
533
528
827
626
177
220
343
176
956
487
318
488
896
677
169
227
438
644
692
396
868
785
118
554
38
294
218
543
552
300
660
211
257
507
185
254
610
579
468
494
1000
691
623
421
250
223
770
161
398
234
506
156
728
740
87
170
447
422
642
937
328
280
848
826
858
107
992
172
971
505
112
199
309
173
778
140
601
222
789
591
608
402
25
667
741
960
909
624
900
136
578
315
822
18
817
405
276
752
357
94
145
916
791
594
3
745
519
620
871
577
952
181
555
898
264
844
219
304
843
525
707
29
941
28
566
980
696
619
587
953
527
99
385
335
640
880
60
867
188
821
910
965
668
767
761
881
205
491
84
878
26
483
490
866
297
567
982
12
472
353
794
726
721
810
382
784
74
418
346
942
502
70
807
458
695
689
281
627
93
242
320
317
436
520
833
651
771
59
686
216
14
944
795
80
939
441
924
999
83
583
536
813
340
322
735
611
631
967
811
716
837
819
462
893
119
355
17
58
484
137
504
553
214
964
236
45
50
386
275
565
117
943
987
387
266
376
89
246
908
756
31
123
645
994
498
274
653
798
77
580
635
768
535
641
175
864
327
549
121
959
914
760
306
24
995
731
189
238
269
151
812
997
518
978
289
476
226
135
419
808
617
515
537
679
782
928
781
633
457
36
348
167
869
961
122
658
839
30
523
829
981
22
6
736
435
786
178
164
803
797
333
46
846
972
485
397
607
802
141
913
287
917
861
88
638
710
872
104
862
452
628
362
905
670
184
852
632
429
769
699
958
131
480
5
646
153
531
853
865
63
81
814
377
655
352
302
478
64
420
369
690
375
100
299
342
383
347
873
991
221
393
590
500
195
929
615
48
399
514
489
899
9
39
955
134
326
540
7
647
183
301
592
323
197
47
882
568
805
902
165
196
356
321
845
144
605
616
86
497
501
969
229
809
248
395
139
416
998
493
510
614
124
431
685
934
754
427
542
574
363
996
243
684
92
344
906
739
683
163
970
316
295
968
10
392
261
265
149
116
636
859
643
780
97
1
764
272
409
341
517
897
652
191
604
202
779
824
933
143
334
372
268
508
883
835
923
823
630
849
622
556
831
311
749
563
105
935
947
138
240
293
174
114
842
209
285
584
404
303
312
734
378
108
634
192
599
434
313
129
106
806
661
544
203
989
704
381
828
157
787
73
263
818
534
993
712
467
325
244
359
252
669
674
231
717
125
103
55
516
394
597
532
724
926
648
43
884
600
82
569
539
365
546
204
471
260
446
279
75
723
428
91
239
665
748
918
337
895
747
20
988
33
678
701
602
424
598
492
159
298
526
247
572
863
783
284
481
76
983
449
400
509
711
815
206
296
425
407
894
986
688
596
292
154
110
278
733
11
927
800
367
40
473
857
659
379
609
557
371
885
847
753
854
725
150
921
663
891
37
766
349
825
720
479
57
703
237
904
551
432
160
522
751
990
90
410
245
774
948
41
912
454
390
977
445
459
759
262
49
737
72
744
324
582
792
901
950
758
62
804
370
319
180
277
962
834
512
79
639
675
253
625
715
54
772
208
19
558
521
874
876
120
637
836
384